%YAML:1.0
---
camera_matrix: !!opencv-matrix
   rows: 3
   cols: 3
   dt: d
   data: [ 6.6556141135102325e+02, 0., 3.2010899928237916e+02, 0.,
       6.6873823265249393e+02, 2.2210039653587927e+02, 0., 0., 1. ]
distortion_coefficients: !!opencv-matrix
   rows: 1
   cols: 5
   dt: d
   data: [ -4.5718240401313193e-01, 4.7250212605709702e-01,
       -2.4710323276587458e-03, 2.2986693721179078e-03,
       -5.0052112690064055e-01 ]
rotation_mat: !!opencv-matrix
   rows: 3
   cols: 1
   dt: d
   data: [ 3.2981866434332861e-03, -7.1913311143613756e-01,
       -8.8788409890084678e-03 ]
translation_mat: !!opencv-matrix
   rows: 3
   cols: 1
   dt: d
   data: [ -2.7115087680987600e+00, -1.0315665363025841e+01,
       -1.0251974663579888e+02 ]
