%YAML:1.0
---
nr_of_framnes: [ 1, 26 ]
camera_matrix: !!opencv-matrix
   rows: 3
   cols: 3
   dt: d
   data: [ 8.4331758279984354e+02, 0., 3.5524083636128950e+02, 0.,
       8.4468905845436325e+02, 2.4156265956987630e+02, 0., 0., 1. ]
distortion_coefficients: !!opencv-matrix
   rows: 1
   cols: 5
   dt: d
   data: [ -2.8106495461915154e-02, 3.8636130905201788e-01,
       3.6880412640185115e-03, 5.1190975070681032e-03,
       -1.0865244195826609e+00 ]
rpe: 2.5193826133509939e-01
